1	  1	  1.00782503207	  0.99988500
1	  2	  2.01410177780	  0.00011500
2	  3	  3.01602931910	  0.00000134
2	  4	  4.00260325415	  0.99999866
3	  6	  6.01512279500	  0.07590000
3	  7	  7.01600455000	  0.92410000
4	  9	  9.01218220000	  1.00000000
5	  10	10.01293700000	0.19900000
5	  11	11.00930540000	0.80100000
6	  12	12.00000000000	0.98930000
6	  13	13.00335483780	0.01070000
7	  14	14.00307400480	0.99636000
7	  15	15.00010889820	0.00364000
8	  16	15.99491461956	0.99757000
8	  17	16.99913170000	0.00038000
8	  18	17.99916100000	0.00205000
9	  19	18.99840322000	1.00000000
10	20	19.99244017540	0.90480000
10	21	20.99384668000	0.00270000
10	22	21.99138511400	0.09250000
11	23	22.98976928090	1.00000000
12	24	23.98504170000	0.78990000
12	25	24.98583692000	0.10000000
12	26	25.98259292900	0.11010000
13	27	26.98153863000	1.00000000
14	28	27.97692653250	0.92223000
14	29	28.97649470000	0.04685000
14	30	29.97377017000	0.03092000
15	31	30.97376163000	1.00000000
16	32	31.97207100000	0.94990000
16	33	32.97145876000	0.00750000
16	34	33.96786690000	0.04250000
16	36	35.96708076000	0.00010000
17	35	34.96885268000	0.75760000
17	37	36.96590259000	0.24240000
18	36	35.96754510600	0.00336500
18	38	37.96273240000	0.00063200
18	40	39.96238312250	0.99600300
19	39	38.96370668000	0.93258100
19	40	39.96399848000	0.00011700
19	41	40.96182576000	0.06730200
20	40	39.96259098000	0.96941000
20	42	41.95861801000	0.00647000
20	43	42.95876660000	0.00135000
20	44	43.95548180000	0.02086000
20	46	45.95369260000	0.00004000
20	48	47.95253400000	0.00187000
21	45	44.95591190000	1.00000000
22	46	45.95263160000	0.08250000
22	47	46.95176310000	0.07440000
22	48	47.94794630000	0.73720000
22	49	48.94787000000	0.05410000
22	50	49.94479120000	0.05180000
23	50	49.94715850000	0.00250000
23	51	50.94395950000	0.99750000
24	50	49.94604420000	0.04345000
24	52	51.94050750000	0.83789000
24	53	52.94064940000	0.09501000
24	54	53.93888040000	0.02365000
25	55	54.93804510000	1.00000000
26	54	53.93961050000	0.05845000
26	56	55.93493750000	0.91754000
26	57	56.93539400000	0.02119000
26	58	57.93327560000	0.00282000
27	59	58.93319500000	1.00000000
28	58	57.93534290000	0.68076900
28	60	59.93078640000	0.26223100
28	61	60.93105600000	0.01139900
28	62	61.92834510000	0.03634500
28	64	63.92796600000	0.00925600
29	63	62.92959750000	0.69150000
29	65	64.92778950000	0.30850000
30	64	63.92914220000	0.48268000
30	66	65.92603340000	0.27975000
30	67	66.92712730000	0.04102000
30	68	67.92484420000	0.19024000
30	70	69.92531930000	0.00631000
31	69	68.92557360000	0.60108000
31	71	70.92470130000	0.39892000
32	70	69.92424740000	0.20380000
32	72	71.92207580000	0.27310000
32	73	72.92345890000	0.07760000
32	74	73.92117780000	0.36720000
32	76	75.92140260000	0.07830000
33	75	74.92159650000	1.00000000
34	74	73.92247640000	0.00890000
34	76	75.91921360000	0.09370000
34	77	76.91991400000	0.07630000
34	78	77.91730910000	0.23770000
34	80	79.91652130000	0.49610000
34	82	81.91669940000	0.08730000
35	79	78.91833710000	0.50690000
35	81	80.91629060000	0.49310000
36	78	77.92036480000	0.00355000
36	80	79.91637900000	0.02286000
36	82	81.91348360000	0.11593000
36	83	82.91413600000	0.11500000
36	84	83.91150700000	0.56987000
36	86	85.91061073000	0.17279000
37	85	84.91178973800	0.72170000
37	87	86.90918052700	0.27830000
38	84	83.91342500000	0.00560000
38	86	85.90926020000	0.09860000
38	87	86.90887710000	0.07000000
38	88	87.90561210000	0.82580000
39	89	88.90584830000	1.00000000
40	90	89.90470440000	0.51450000
40	91	90.90564580000	0.11220000
40	92	91.90504080000	0.17150000
40	94	93.90631520000	0.17380000
40	96	95.90827340000	0.02800000
41	93	92.90637810000	1.00000000
42	92	91.90681100000	0.14770000
42	94	93.90508830000	0.09230000
42	95	94.90584210000	0.15900000
42	96	95.90467950000	0.16680000
42	97	96.90602150000	0.09560000
42	98	97.90540820000	0.24190000
42	100	99.90747700000	0.09670000
44	96	95.90759800000	0.05540000
44	98	97.90528700000	0.01870000
44	99	98.90593930000	0.12760000
44	100	99.90421950000	0.12600000
44	101	100.90558210000	0.17060000
44	102	101.90434930000	0.31550000
44	104	103.90543300000	0.18620000
45	103	102.90550400000	1.00000000
46	102	101.90560900000	0.01020000
46	104	103.90403600000	0.11140000
46	105	104.90508500000	0.22330000
46	106	105.90348600000	0.27330000
46	108	107.90389200000	0.26460000
46	110	109.90515300000	0.11720000
47	107	106.90509700000	0.51830000
47	109	108.90475200000	0.48161000
48	106	105.90645900000	0.01250000
48	108	107.90418400000	0.00890000
48	110	109.90300210000	0.12490000
48	111	110.90417810000	0.12800000
48	112	111.90275780000	0.24130000
48	113	112.90440170000	0.12220000
48	114	113.90335850000	0.28730000
48	116	115.90475600000	0.07490000
49	113	112.90405800000	0.04290000
49	115	114.90387800000	0.95710000
50	112	111.90481800000	0.00970000
50	114	113.90277900000	0.00660000
50	115	114.90334200000	0.00340000
50	116	115.90174100000	0.14540000
50	117	116.90295200000	0.07680000
50	118	117.90160300000	0.24220000
50	119	118.90330800000	0.08590000
50	120	119.90219470000	0.32580000
50	122	121.90343900000	0.04630000
50	124	123.90527390000	0.05790000
51	121	120.90381570000	0.57210000
51	123	122.90421400000	0.42790000
52	120	119.90402000000	0.00090000
52	122	121.90304390000	0.02550000
52	123	122.90427000000	0.00890000
52	124	123.90281790000	0.04740000
52	125	124.90443070000	0.07070000
52	126	125.90331170000	0.18840000
52	128	127.90446310000	0.31740000
52	130	129.90622440000	0.34080000
53	127	126.90447300000	1.00000000
54	124	123.90589300000	0.00095200
54	126	125.90427400000	0.00089000
54	128	127.90353130000	0.01910200
54	129	128.90477940000	0.26400600
54	130	129.90350800000	0.04071000
54	131	130.90508240000	0.21232400
54	132	131.90415350000	0.26908600
54	134	133.90539450000	0.10435700
54	136	135.90721900000	0.08857300
55	133	132.90545193300	1.00000000
56	130	129.90632080000	0.00106000
56	132	131.90506130000	0.00101000
56	134	133.90450840000	0.02417000
56	135	134.90568860000	0.06592000
56	136	135.90457590000	0.07854000
56	137	136.90582740000	0.11232000
56	138	137.90524720000	0.71698000
57	138	137.90711200000	0.00090000
57	139	138.90635330000	0.99910000
58	136	135.90717200000	0.00185000
58	138	137.90599100000	0.00251000
58	140	139.90543870000	0.88450000
58	142	141.90924400000	0.11114000
59	141	140.90765280000	1.00000000
60	142	141.90772330000	0.27200000
60	143	142.90981430000	0.12200000
60	144	143.91008730000	0.23800000
60	145	144.91257360000	0.08300000
60	146	145.91311690000	0.17200000
60	148	147.91689300000	0.05700000
60	150	149.92089100000	0.05600000
62	144	143.91199900000	0.03070000
62	147	146.91489790000	0.14990000
62	148	147.91482270000	0.11240000
62	149	148.91718470000	0.13820000
62	150	149.91727550000	0.07380000
62	152	151.91973240000	0.26750000
62	154	153.92220930000	0.22750000
63	151	150.91985020000	0.47810000
63	153	152.92123030000	0.52190000
64	152	151.91979100000	0.00200000
64	154	153.92086560000	0.02180000
64	155	154.92262200000	0.14800000
64	156	155.92212270000	0.20470000
64	157	156.92396010000	0.15650000
64	158	157.92410390000	0.24840000
64	160	159.92705410000	0.21860000
65	159	158.92534680000	1.00000000
66	156	155.92428300000	0.00056000
66	158	157.92440900000	0.00095000
66	160	159.92519750000	0.02329000
66	161	160.92693340000	0.18889000
66	162	161.92679840000	0.25475000
66	163	162.92873120000	0.24896000
66	164	163.92917480000	0.28260000
67	165	164.93032210000	1.00000000
68	162	161.92877800000	0.00139000
68	164	163.92920000000	0.01601000
68	166	165.93029310000	0.33503000
68	167	166.93204820000	0.22869000
68	168	167.93237020000	0.26978000
68	170	169.93546430000	0.14910000
69	169	168.93421330000	1.00000000
70	168	167.93389700000	0.00130000
70	170	169.93476180000	0.03040000
70	171	170.93632580000	0.14280000
70	172	171.93638150000	0.21830000
70	173	172.93821080000	0.16130000
70	174	173.93886210000	0.31830000
70	176	175.94257170000	0.12760000
71	175	174.94077180000	0.97410000
71	176	175.94268630000	0.02590000
72	174	173.94004600000	0.00160000
72	176	175.94140860000	0.05260000
72	177	176.94322070000	0.18600000
72	178	177.94369880000	0.27280000
72	179	178.94581610000	0.13620000
72	180	179.94655000000	0.35080000
73	180	179.94746480000	0.00012000
73	181	180.94799580000	0.99988000
74	180	179.94670400000	0.00120000
74	182	181.94820420000	0.26500000
74	183	182.95022300000	0.14310000
74	184	183.95093120000	0.30640000
74	186	185.95436410000	0.28430000
75	185	184.95295500000	0.37400000
75	187	186.95575310000	0.62600000
76	184	183.95248910000	0.00020000
76	186	185.95383820000	0.01590000
76	187	186.95575050000	0.01960000
76	188	187.95583820000	0.13240000
76	189	188.95814750000	0.16150000
76	190	189.95844700000	0.26260000
76	192	191.96148070000	0.40780000
77	191	190.96059400000	0.37300000
77	193	192.96292640000	0.62700000
78	190	189.95993200000	0.00014000
78	192	191.96103800000	0.00782000
78	194	193.96268030000	0.32967000
78	195	194.96479110000	0.33832000
78	196	195.96495150000	0.25242000
78	198	197.96789300000	0.07163000
79	197	196.96656870000	1.00000000
80	196	195.96583300000	0.00150000
80	198	197.96676900000	0.09970000
80	199	198.96827990000	0.16870000
80	200	199.96832600000	0.23100000
80	201	200.97030230000	0.13180000
80	202	201.97064300000	0.29860000
80	204	203.97349390000	0.06870000
81	203	202.97234420000	0.29520000
81	205	204.97442750000	0.70480000
82	204	203.97304360000	0.01400000
82	206	205.97446530000	0.24100000
82	207	206.97589690000	0.22100000
82	208	207.97665210000	0.52400000
83	209	208.98039870000	1.00000000
90	232	232.03805530000	1.00000000
91	231	231.03588400000	1.00000000
92	234	234.04095210000	0.00005400
92	235	235.04392990000	0.00720400
92	238	238.05078820000	0.99274200