1001   1.00782503207
1002   2.01410177785
1003   3.01604927767
1004   4.027806424
1005   5.035311488
1006   6.044942594
1007   7.052749
2003   3.01602931914
2004   4.00260325415
2005   5.012223624
2006   6.018889124
2007   7.028020618
2008   8.033921897
2009   9.043950286
2010  10.052398837
3003   3.030775
3004   4.027185558
3005   5.012537800
3006   6.015122794
3007   7.016004548
3008   8.022487362
3009   9.026789505
3010  10.035481259
3011  11.043797715
3012  12.053780
4005   5.040790
4006   6.019726317
4007   7.016929828
4008   8.005305103
4009   9.012182201
4010  10.013533818
4011  11.021657749
4012  12.026920737
4013  13.035693007
4014  14.042892920
4015  15.053460
4016  16.061920
5006   6.046810
5007   7.029917901
5008   8.024607233
5009   9.013328782
5010  10.012936992
5011  11.009305406
5012  12.014352104
5013  13.017780217
5014  14.025404009
5015  15.031103021
5016  16.039808829
5017  17.046989906
5018  18.056170
5019  19.063730
6008   8.037675025
6009   9.031036689
6010  10.016853228
6011  11.011433613
6012  12.0000000
6013  13.00335483778
6014  14.00324198870
6015  15.010599256
6016  16.014701252
6017  17.022586116
6018  18.026759354
6019  19.034805018
6020  20.040319754
6021  21.049340
6022  22.057200
7010  10.041653674
7011  11.026090956
7012  12.018613197
7013  13.005738609
7014  14.00307400478
7015  15.00010889823
7016  16.006101658
7017  17.008450261
7018  18.014078959
7019  19.017028697
7020  20.023365807
7021  21.027108240
7022  22.034394934
7023  23.041220
7024  24.051040
7025  25.060660
8012  12.034404895
8013  13.024812213
8014  14.008596250
8015  15.003065617
8016  15.99491461956
8017  16.999131703
8018  17.999161001
8019  19.003580130
8020  20.004076742
8021  21.008655886
8022  22.009966947
8023  23.015687659
8024  24.020472917
8025  25.029460
8026  26.038340
8027  27.048260
8028  28.057810
9014  14.035060
9015  15.018009103
9016  16.011465724
9017  17.002095237
9018  18.000937956
9019  18.998403224
9020  19.999981315
9021  20.999948951
9022  22.002998815
9023  23.003574631
9024  24.008115485
9025  25.012101747
9026  26.019615555
9027  27.026760086
9028  28.035670
9029  29.043260
9030  30.052500
9031  31.060429
10016  16.025761262
10017  17.017671504
10018  18.005708213
10019  19.001880248
10020  19.99244017542
10021  20.993846684
10022  21.991385113
10023  22.994466904
10024  23.993610779
10025  24.997736888
10026  26.000461206
10027  27.007589903
10028  28.012071575
10029  29.019385933
10030  30.024801045
10031  31.033110
10032  32.040020
10033  33.049380
10034  34.057028
11018  18.025969000
11019  19.013877499
11020  20.007351328
11021  20.997655206
11022  21.994436425
11023  22.98976928087
11024  23.990962782
11025  24.989953968
11026  25.992633000
11027  26.994076788
11028  27.998938000
11029  29.002861000
11030  30.008976000
11031  31.013585452
11032  32.020466560
11033  33.026719756
11034  34.035170
11035  35.042493
11036  36.051480
11037  37.059340
12019  19.035470000
12020  20.018862545
12021  21.011712910
12022  21.999573843
12023  22.994123669
12024  23.985041699
12025  24.985836917
12026  25.982592929
12027  26.984340585
12028  27.983876825
12029  28.988600000
12030  29.990434000
12031  30.996546000
12032  31.998975000
12033  33.005254000
12034  34.009456424
12035  35.017340
12036  36.023000
12037  37.031400
12038  38.037570
12039  39.046772
12040  40.053930
13021  21.028040
13022  22.019520
13023  23.007267432
13024  23.999938865
13025  24.990428095
13026  25.986891692
13027  26.981538627
13028  27.981910306
13029  28.980445046
13030  29.982960256
13031  30.983946619
13032  31.988124489
13033  32.990843336
13034  33.996851837
13035  34.999860235
13036  36.006207204
13037  37.010677820
13038  38.017231021
13039  39.022970000
13040  40.031450
13041  41.038330
13042  42.046890
14022  22.034530
14023  23.025520
14024  24.011545616
14025  25.004105574
14026  25.992329921
14027  26.986704905
14028  27.97692653246
14029  28.976494700
14030  29.973770171
14031  30.975363227
14032  31.974148082
14033  32.978000220
14034  33.978575524
14035  34.984583575
14036  35.986599477
14037  36.992936080
14038  37.995633601
14039  39.002070013
14040  40.005869121
14041  41.014560000
14042  42.019790
14043  43.028660
14044  44.035260
15024  24.034350
15025  25.020260
15026  26.011780
15027  26.999230236
15028  27.992314761
15029  28.981800606
15030  29.978313789
15031  30.973761629
15032  31.973907274
15033  32.971725543
15034  33.973636257
15035  34.973314117
15036  35.978259680
15037  36.979608946
15038  37.984156827
15039  38.986179475
15040  39.991296951
15041  40.994335435
15042  42.001007913
15043  43.006190000
15044  44.012990
15045  45.019220
15046  46.027380
16026  26.027880
16027  27.018833
16028  28.004372763
16029  28.996608049
16030  29.984903249
16031  30.979554728
16032  31.972070999
16033  32.971458759
16034  33.967866902
16035  34.969032161
16036  35.967080760
16037  36.971125567
16038  37.971163317
16039  38.975134306
16040  39.975451728
16041  40.979582149
16042  41.981022419
16043  42.987154790
16044  43.990213390
16045  44.996508112
16046  46.000750
16047  47.008590
16048  48.014170
16049  49.023619
17028  28.028510
17029  29.014110
17030  30.004770
17031  30.992413086
17032  31.985689901
17033  32.977451887
17034  33.973762819
17035  34.968852682
17036  35.968306981
17037  36.965902591
17038  37.968010425
17039  38.968008164
17040  39.970415472
17041  40.970684525
17042  41.973254804
17043  42.974054403
17044  43.978281071
17045  44.980286886
17046  45.984210040
17047  46.988710
17048  47.994950
17049  49.000320
17050  50.007840
17051  51.014490
18030  30.021560
18031  31.012123
18032  31.997637984
18033  32.989925709
18034  33.980271244
18035  34.975257585
18036  35.967545105
18037  36.966776320
18038  37.962732394
18039  38.964313231
18040  39.96238312251
18041  40.964500611
18042  41.963045736
18043  42.965636056
18044  43.964924033
18045  44.968039956
18046  45.968094129
18047  46.972186792
18048  47.974540
18049  48.980520
18050  49.984430
18051  50.991630
18052  51.996780
18053  53.004940
19032  32.021920
19033  33.007260
19034  33.998410
19035  34.988009692
19036  35.981292235
19037  36.973375889
19038  37.969081184
19039  38.963706679
19040  39.963998475
19041  40.961825762
19042  41.962402810
19043  42.960715540
19044  43.961556804
19045  44.960699493
19046  45.961976864
19047  46.961678473
19048  47.965513535
19049  48.967450928
19050  49.972783355
19051  50.976380
19052  51.982610
19053  52.987120
19054  53.994200
19055  54.999710
20034  34.014120
20035  35.004940
20036  35.993087063
20037  36.985870269
20038  37.976318452
20039  38.970719725
20040  39.962590983
20041  40.962278062
20042  41.958618014
20043  42.958766628
20044  43.955481754
20045  44.956186566
20046  45.953692587
20047  46.954546006
20048  47.952534177
20049  48.955674148
20050  49.957518962
20051  50.961499214
20052  51.965100000
20053  52.970050
20054  53.974350
20055  54.980550
20056  55.985570
20057  56.992356
21036  36.014920
21037  37.003050
21038  37.994700
21039  38.984790002
21040  39.977967407
21041  40.969251125
21042  41.965516429
21043  42.961150658
21044  43.959402752
21045  44.955911909
21046  45.955171890
21047  46.952407508
21048  47.952231468
21049  48.950023975
21050  49.952187685
21051  50.953603368
21052  51.956675468
21053  52.959610
21054  53.963264561
21055  54.968243949
21056  55.972870
21057  56.977790
21058  57.983710
21059  58.989220
21060  59.995710
22038  38.009770
22039  39.001610
22040  39.990498838
22041  40.983145
22042  41.973030902
22043  42.968522499
22044  43.959690069
22045  44.958125616
22046  45.952631555
22047  46.951763088
22048  47.947946281
22049  48.947869982
22050  49.944791194
22051  50.946614955
22052  51.946897311
22053  52.949727171
22054  53.951052401
22055  54.955265056
22056  55.958199639
22057  56.963989137
22058  57.966970
22059  58.972930
22060  59.976760
22061  60.983200
22062  61.987490
22063  62.994420
23040  40.011090
23041  40.999780
23042  41.991230
23043  42.980650
23044  43.974110000
23045  44.965775808
23046  45.960200481
23047  46.954908940
23048  47.952253707
23049  48.948516101
23050  49.947158485
23051  50.943959507
23052  51.944775479
23053  52.944337979
23054  53.946439854
23055  54.947233701
23056  55.950530966
23057  56.952561432
23058  57.956834136
23059  58.960207407
23060  59.965026862
23061  60.968480
23062  61.973780
23063  62.977550
23064  63.983470
23065  64.987920
24042  42.006430
24043  42.997710
24044  43.985549
24045  44.979640000
24046  45.968358635
24047  46.962900046
24048  47.954031716
24049  48.951335721
24050  49.946044205
24051  50.944767431
24052  51.940507472
24053  52.940649386
24054  53.938880395
24055  54.940839672
24056  55.940653139
24057  56.943613013
24058  57.944353129
24059  58.948586367
24060  59.950076033
24061  60.954717204
24062  61.956613190
24063  62.961860
24064  63.964410
24065  64.970160
24066  65.973380
24067  66.979550
25044  44.006870
25045  44.994510
25046  45.986720
25047  46.976100
25048  47.968520000
25049  48.959618005
25050  49.954238230
25051  50.948210787
25052  51.945565464
25053  52.941290117
25054  53.940358854
25055  54.938045141
25056  55.938904910
25057  56.938285378
25058  57.939981549
25059  58.940440237
25060  59.942911246
25061  60.944652638
25062  61.948428220
25063  62.950239990
25064  63.954249090
25065  64.956336065
25066  65.961080
25067  66.964140
25068  67.969300
25069  68.972840
26045  45.014578
26046  46.000810
26047  46.992890
26048  47.980504
26049  48.973610
26050  49.962988982
26051  50.956819538
26052  51.948113875
26053  52.945307942
26054  53.939610501
26055  54.938293357
26056  55.934937475
26057  56.935393969
26058  57.933275558
26059  58.934875464
26060  59.934071683
26061  60.936745281
26062  61.936767442
26063  62.940369091
26064  63.941201265
26065  64.945380270
26066  65.946780638
26067  66.950947244
26068  67.953700000
26069  68.958780
26070  69.961460
26071  70.966720
26072  71.969620
27047  47.011490
27048  48.001760
27049  48.989720
27050  49.981540
27051  50.970720
27052  51.963590
27053  52.954218896
27054  53.948459635
27055  54.941999029
27056  55.939839278
27057  56.936291373
27058  57.935752814
27059  58.933195048
27060  59.933817059
27061  60.932475763
27062  61.934050563
27063  62.933611611
27064  63.935809908
27065  64.936478460
27066  65.939762004
27067  66.940889529
27068  67.944873058
27069  68.946320000
27070  69.951000000
27071  70.952900000
27072  71.957810
27073  72.960240
27074  73.965380
27075  74.968330
28048  48.019750
28049  49.009660
28050  49.995930
28051  50.987720
28052  51.975680
28053  52.968470
28054  53.957905495
28055  54.951330251
28056  55.942132022
28057  56.939793526
28058  57.935342907
28059  58.934346705
28060  59.930786372
28061  60.931056033
28062  61.928345115
28063  62.929669374
28064  63.927965959
28065  64.930084304
28066  65.929139334
28067  66.931569414
28068  67.931868789
28069  68.935610269
28070  69.936500000
28071  70.940736283
28072  71.942092682
28073  72.946470
28074  73.948070
28075  74.952870
28076  75.955330
28077  76.960550
28078  77.963180
29052  51.997180
29053  52.985550
29054  53.976710
29055  54.966050
29056  55.958560
29057  56.949211078
29058  57.944538499
29059  58.939498028
29060  59.937365030
29061  60.933457821
29062  61.932583745
29063  62.929597474
29064  63.929764183
29065  64.927789485
29066  65.928868813
29067  66.927730314
29068  67.929610889
29069  68.929429269
29070  69.932392343
29071  70.932676833
29072  71.935820307
29073  72.936675282
29074  73.939874862
29075  74.941900000
29076  75.945275026
29077  76.947850
29078  77.951960
29079  78.954560
29080  79.960870
30054  53.992950
30055  54.983980
30056  55.972380
30057  56.964788
30058  57.954591555
30059  58.949263764
30060  59.941827035
30061  60.939510635
30062  61.934329764
30063  62.933211566
30064  63.929142222
30065  64.929240984
30066  65.926033419
30067  66.927127345
30068  67.924844154
30069  68.926550281
30070  69.925319274
30071  70.927721599
30072  71.926857951
30073  72.929779104
30074  73.929458609
30075  74.932936741
30076  75.933293570
30077  76.936958967
30078  77.938440216
30079  78.942652
30080  79.944342348
30081  80.950480
30082  81.954420
30083  82.961030
31056  55.994910
31057  56.982930
31058  57.974250
31059  58.963370
31060  59.957060
31061  60.949446287
31062  61.944175238
31063  62.939294196
31064  63.936838747
31065  64.932734754
31066  65.931589010
31067  66.928201703
31068  67.927980084
31069  68.925573587
31070  69.926021972
31071  70.924701349
31072  71.926366268
31073  72.925174682
31074  73.926945762
31075  74.926500246
31076  75.928827626
31077  76.929154300
31078  77.931608180
31079  78.932893260
31080  79.936515781
31081  80.937752355
31082  81.942990
31083  82.946980
31084  83.952650
31085  84.957000
31086  85.963120
32058  57.991010
32059  58.981750
32060  59.970190
32061  60.963790
32062  61.954650
32063  62.949640
32064  63.941653000
32065  64.939436406
32066  65.933843453
32067  66.932734070
32068  67.928094240
32069  68.927964533
32070  69.924247381
32071  70.924950954
32072  71.922075815
32073  72.923458945
32074  73.921177767
32075  74.922858948
32076  75.921402557
32077  76.923548591
32078  77.922852739
32079  78.925400995
32080  79.925372392
32081  80.928820467
32082  81.929549725
32083  82.934620
32084  83.937470
32085  84.943030
32086  85.946490
32087  86.952510
32088  87.956910
32089  88.963830
33060  59.993130
33061  60.980620
33062  61.973200
33063  62.963690
33064  63.957572
33065  64.949564
33066  65.944710000
33067  66.939186071
33068  67.936769069
33069  68.932273675
33070  69.930924826
33071  70.927112428
33072  71.926752283
33073  72.923824844
33074  73.923928692
33075  74.921596478
33076  75.922394021
33077  76.920647286
33078  77.921827281
33079  78.920947934
33080  79.922533816
33081  80.922132287
33082  81.924504067
33083  82.924980024
33084  83.929058
33085  84.932020
33086  85.936500
33087  86.939900
33088  87.944940
33089  88.949390
33090  89.955500
33091  90.960430
33092  91.966800
34065  64.964660
34066  65.955210
34067  66.950090
34068  67.941798000
34069  68.939557817
34070  69.933390644
34071  70.932241822
34072  71.927112352
34073  72.926765345
34074  73.922476436
34075  74.922523368
34076  75.919213597
34077  76.919914038
34078  77.917309090
34079  78.918499098
34080  79.916521271
34081  80.917992474
34082  81.916699401
34083  82.919118473
34084  83.918462354
34085  84.922245053
34086  85.924271579
34087  86.928521358
34088  87.931423998
34089  88.936450
34090  89.939960
34091  90.945960
34092  91.949920
34093  92.956290
34094  93.960490
35067  66.964790
35068  67.958516
35069  68.950106
35070  69.944792
35071  70.938740000
35072  71.936644572
35073  72.931691524
35074  73.929891034
35075  74.925776207
35076  75.924541469
35077  76.921379082
35078  77.921145706
35079  78.918337087
35080  79.918529296
35081  80.916290563
35082  81.916804119
35083  82.915180421
35084  83.916478974
35085  84.915608403
35086  85.918797577
35087  86.920711324
35088  87.924065926
35089  88.926385334
35090  89.930627737
35091  90.933968095
35092  91.939258714
35093  92.943050
35094  93.948680
35095  94.952870
35096  95.958530
35097  96.962800
36069  68.965180
36070  69.955259
36071  70.949625738
36072  71.942092038
36073  72.939289195
36074  73.933084369
36075  74.930945746
36076  75.925910078
36077  76.924670000
36078  77.920364783
36079  78.920082431
36080  79.916378965
36081  80.916592015
36082  81.913483600
36083  82.914136099
36084  83.911506687
36085  84.912527331
36086  85.910610729
36087  86.913354862
36088  87.914446969
36089  88.917630581
36090  89.919516555
36091  90.923445215
36092  91.926156210
36093  92.931274357
36094  93.934360
36095  94.939840
36096  95.943070
36097  96.948560
36098  97.951910
36099  98.957600
36100  99.961140
37071  70.965320
37072  71.959080
37073  72.950561
37074  73.944264751
37075  74.938570000
37076  75.935072226
37077  76.930408000
37078  77.928141000
37079  78.923989460
37080  79.922519250
37081  80.918995913
37082  81.918208598
37083  82.915109701
37084  83.914384821
37085  84.911789737
37086  85.911167419
37087  86.909180526
37088  87.911315588
37089  88.912278016
37090  89.914801694
37091  90.916536958
37092  91.919728900
37093  92.922041876
37094  93.926404946
37095  94.929302889
37096  95.934272637
37097  96.937351916
37098  97.941790668
37099  98.945379283
37100  99.949870
37101 100.953196445
37102 101.958870
38073  72.965970
38074  73.956310
38075  74.949949568
38076  75.941766782
38077  76.937944782
38078  77.932180000
38079  78.929708000
38080  79.924521013
38081  80.923211846
38082  81.918401639
38083  82.917556701
38084  83.913425275
38085  84.912932803
38086  85.909260204
38087  86.908877124
38088  87.905612124
38089  88.907450675
38090  89.907737888
38091  90.910203095
38092  91.911037858
38093  92.914025634
38094  93.915361312
38095  94.919358766
38096  95.921696802
38097  96.926152923
38098  97.928452934
38099  98.933240926
38100  99.935351911
38101 100.940517888
38102 101.943018987
38103 102.948950
38104 103.952330
38105 104.958580
39076  75.958450
39077  76.949645
39078  77.943610
39079  78.937351634
39080  79.934280000
39081  80.929127468
39082  81.926792451
39083  82.922354243
39084  83.920388264
39085  84.916433039
39086  85.914885576
39087  86.910875730
39088  87.909501146
39089  88.905848295
39090  89.907151886
39091  90.907304791
39092  91.908949143
39093  92.909582713
39094  93.911595245
39095  94.912820621
39096  95.915891343
39097  96.918133995
39098  97.922203020
39099  98.924636204
39100  99.927756586
39101 100.930313850
39102 101.933555695
39103 102.936730
39104 103.941050
39105 104.944870
39106 105.949790
39107 106.954140
39108 107.959480
40078  77.955230
40079  78.949160
40080  79.940400000
40081  80.937210026
40082  81.931087
40083  82.928653801
40084  83.923250
40085  84.921471182
40086  85.916473591
40087  86.914816252
40088  87.910226904
40089  88.908889500
40090  89.904704416
40091  90.905645767
40092  91.905040847
40093  92.906476006
40094  93.906315192
40095  94.908042600
40096  95.908273386
40097  96.910953109
40098  97.912734892
40099  98.916512106
40100  99.917761889
40101 100.921140415
40102 101.922981285
40103 102.926599606
40104 103.928780
40105 104.933050
40106 105.935910
40107 106.940750
40108 107.943960
40109 108.949240
40110 109.952870
41081  80.949030
41082  81.943130
41083  82.936705382
41084  83.933570
41085  84.927912447
41086  85.925038326
41087  86.920361108
41088  87.918332163
41089  88.913418245
41090  89.911264845
41091  90.906996243
41092  91.907193888
41093  92.906378058
41094  93.907283888
41095  94.906835792
41096  95.908100647
41097  96.908098556
41098  97.910328412
41099  98.911618375
41100  99.914181619
41101 100.915252025
41102 101.918037614
41103 102.919143842
41104 103.922464701
41105 104.923936545
41106 105.927970
41107 106.930310
41108 107.934840
41109 108.937630
41110 109.942440
41111 110.945650
41112 111.950830
41113 112.954700
42083  82.948740
42084  83.940090
42085  84.936550
42086  85.930695904
42087  86.927326502
42088  87.921953241
42089  88.919480009
42090  89.913936896
42091  90.911750194
42092  91.906810991
42093  92.906812610
42094  93.905088269
42095  94.905842129
42096  95.904679477
42097  96.906021465
42098  97.905408169
42099  98.907711870
42100  99.907477336
42101 100.910347001
42102 101.910297360
42103 102.913207142
42104 103.913763625
42105 104.916974610
42106 105.918136802
42107 106.921692604
42108 107.923453
42109 108.927810
42110 109.929730
42111 110.934410
42112 111.936840
42113 112.941880
42114 113.944920
42115 114.950290
43085  84.948830
43086  85.942880
43087  86.936530
43088  87.932678
43089  88.927167
43090  89.923556564
43091  90.918427639
43092  91.915260166
43093  92.910248984
43094  93.909657002
43095  94.907657084
43096  95.907871383
43097  96.906365358
43098  97.907215966
43099  98.906254747
43100  99.907657780
43101 100.907314659
43102 101.909215019
43103 102.909181351
43104 103.911447454
43105 104.911660566
43106 105.914357927
43107 106.915079572
43108 107.918461226
43109 108.919982665
43110 109.923820483
43111 110.925692830
43112 111.929146493
43113 112.931590
43114 113.935880
43115 114.938690
43116 115.943370
43117 116.946480
43118 117.951480
44087  86.949180
44088  87.940260
44089  88.936110
44090  89.929890
44091  90.926292
44092  91.920120
44093  92.917052034
44094  93.911359711
44095  94.910412929
44096  95.907597835
44097  96.907554700
44098  97.905287132
44099  98.905939302
44100  99.904219476
44101 100.905582087
44102 101.904349312
44103 102.906323847
44104 103.905432701
44105 104.907752866
44106 105.907329433
44107 106.909905089
44108 107.910173465
44109 108.913203233
44110 109.914136041
44111 110.917696000
44112 111.918965000
44113 112.922487194
44114 113.924281
44115 114.928686173
44116 115.930810
44117 116.935580
44118 117.937820
44119 118.942840
44120 119.945310
45089  88.948837
45090  89.942870
45091  90.936550
45092  91.931980
45093  92.925740
45094  93.921698
45095  94.915898740
45096  95.914460631
45097  96.911336797
45098  97.910708158
45099  98.908132104
45100  99.908121550
45101 100.906163625
45102 101.906843196
45103 102.905504292
45104 103.906655518
45105 104.905693821
45106 105.907287135
45107 106.906748423
45108 107.908728018
45109 108.908737289
45110 109.911136411
45111 110.911585913
45112 111.914394159
45113 112.915530627
45114 113.918806000
45115 114.920334000
45116 115.924062000
45117 116.925980
45118 117.930070
45119 118.932110
45120 119.936410
45121 120.938720
45122 121.943210
46091  90.949110
46092  91.940420
46093  92.935910
46094  93.928770
46095  94.924690
46096  95.918164359
46097  96.916479073
46098  97.912720902
46099  98.911767833
46100  99.908505886
46101 100.908289242
46102 101.905608544
46103 102.906087307
46104 103.904035834
46105 104.905084920
46106 105.903485715
46107 106.905133481
46108 107.903891701
46109 108.905950451
46110 109.905153254
46111 110.907670734
46112 111.907314058
46113 112.910152908
46114 113.910362638
46115 114.913683824
46116 115.914158662
46117 116.917841338
46118 117.918984300
46119 118.923110
46120 119.924691878
46121 120.928870
46122 121.930550
46123 122.934930
46124 123.936880
47093  92.949780
47094  93.942780
47095  94.935480
47096  95.930680
47097  96.923972412
47098  97.921566201
47099  98.917597178
47100  99.916104255
47101 100.912802233
47102 101.911685000
47103 102.908972720
47104 103.908629157
47105 104.906528661
47106 105.906668921
47107 106.905096820
47108 107.905955556
47109 108.904752292
47110 109.906107231
47111 110.905291157
47112 111.907004814
47113 112.906566579
47114 113.908803704
47115 114.908762698
47116 115.911359933
47117 116.911684562
47118 117.914582768
47119 118.915665059
47120 119.918787384
47121 120.919848046
47122 121.923530
47123 122.924900
47124 123.928640
47125 124.930430
47126 125.934500
47127 126.936770
47128 127.941170
47129 128.943690
47130 129.950448
48095  94.949870
48096  95.939770
48097  96.934940
48098  97.927395546
48099  98.925010
48100  99.920289525
48101 100.918681538
48102 101.914462258
48103 102.913419246
48104 103.909849475
48105 104.909467905
48106 105.906459410
48107 106.906617928
48108 107.904183683
48109 108.904982293
48110 109.903002070
48111 110.904178107
48112 111.902757809
48113 112.904401662
48114 113.903358540
48115 114.905430969
48116 115.904755809
48117 116.907218618
48118 117.906914530
48119 118.909921597
48120 119.909850129
48121 120.912977363
48122 121.913332432
48123 122.917002999
48124 123.917647616
48125 124.921246370
48126 125.922353321
48127 126.926443864
48128 127.927762285
48129 128.932150
48130 129.933901937
48131 130.940670
48132 131.945550
49097  96.949540
49098  97.942140
49099  98.934220
49100  99.931110851
49101 100.926340
49102 101.924090238
49103 102.919914188
49104 103.918296171
49105 104.914673540
49106 105.913465411
49107 106.910295100
49108 107.909698180
49109 108.907150507
49110 109.907165274
49111 110.905103278
49112 111.905532331
49113 112.904057761
49114 113.904913876
49115 114.903878484
49116 115.905259703
49117 116.904513564
49118 117.906354367
49119 118.905845350
49120 119.907959608
49121 120.907845822
49122 121.910276010
49123 122.910438276
49124 123.913175231
49125 124.913600588
49126 125.916463857
49127 126.917353091
49128 127.920172328
49129 128.921696980
49130 129.924970049
49131 130.926851767
49132 131.932990260
49133 132.937810
49134 133.944150
49135 134.949330
50099  98.949330
50100  99.939044343
50101 100.936060
50102 101.930295324
50103 102.928100
50104 103.923143223
50105 104.921349437
50106 105.916880620
50107 106.915644329
50108 107.911925378
50109 108.911283214
50110 109.907842791
50111 110.907734460
50112 111.904818207
50113 112.905170577
50114 113.902778869
50115 114.903342397
50116 115.901740530
50117 116.902951656
50118 117.901603167
50119 118.903307630
50120 119.902194676
50121 120.904235480
50122 121.903439046
50123 122.905720838
50124 123.905273946
50125 124.907784125
50126 125.907653280
50127 126.910360024
50128 127.910536624
50129 128.913479000
50130 129.913967295
50131 130.916999769
50132 131.917815713
50133 132.923829249
50134 133.928291765
50135 134.934730
50136 135.939340
50137 136.945990
51103 102.939690
51104 103.936472
51105 104.931486348
51106 105.928791
51107 106.924150
51108 107.922160
51109 108.918132426
51110 109.916753
51111 110.913163000
51112 111.912398009
51113 112.909371672
51114 113.909269000
51115 114.906598000
51116 115.906793629
51117 116.904835941
51118 117.905528731
51119 118.903942009
51120 119.905072427
51121 120.903815686
51122 121.905173651
51123 122.904213970
51124 123.905935743
51125 124.905253818
51126 125.907247480
51127 126.906923609
51128 127.909169001
51129 128.909148442
51130 129.911656324
51131 130.911982275
51132 131.914466896
51133 132.915251630
51134 133.920379744
51135 134.925165771
51136 135.930350
51137 136.935310
51138 137.940790
51139 138.945980
52105 104.943640
52106 105.937504237
52107 106.935006
52108 107.929444597
52109 108.927415515
52110 109.922407316
52111 110.921110692
52112 111.917013672
52113 112.915891000
52114 113.912089000
52115 114.911902000
52116 115.908460000
52117 116.908644719
52118 117.905827581
52119 118.906403645
52120 119.904020222
52121 120.904936424
52122 121.903043898
52123 122.904270029
52124 123.902817896
52125 124.904430731
52126 125.903311696
52127 126.905226336
52128 127.904463056
52129 128.906598238
52130 129.906224399
52131 130.908523864
52132 131.908553160
52133 132.910955306
52134 133.911368737
52135 134.916448592
52136 135.920101246
52137 136.925322954
52138 137.929220
52139 138.934730
52140 139.938850
52141 140.944650
52142 141.949080
53108 107.943475
53109 108.938149417
53110 109.935242
53111 110.930276
53112 111.927970
53113 112.923640583
53114 113.921850
53115 114.918048000
53116 115.916808633
53117 116.913650000
53118 117.913074000
53119 118.910074000
53120 119.910048173
53121 120.907366811
53122 121.907589284
53123 122.905588965
53124 123.906209852
53125 124.904630164
53126 125.905624153
53127 126.904472681
53128 127.905809443
53129 128.904987722
53130 129.906674247
53131 130.906124609
53132 131.907997381
53133 132.907796939
53134 133.909744465
53135 134.910048121
53136 135.914653993
53137 136.917870840
53138 137.922349591
53139 138.926099478
53140 139.931000
53141 140.935030
53142 141.940180
53143 142.944560
53144 143.949990
54110 109.944278068
54111 110.941602
54112 111.935623112
54113 112.933341174
54114 113.927980306
54115 114.926293920
54116 115.921581087
54117 116.920358735
54118 117.916178655
54119 118.915410688
54120 119.911784244
54121 120.911461829
54122 121.908367632
54123 122.908481910
54124 123.905893003
54125 124.906395464
54126 125.904273634
54127 126.905183723
54128 127.903531275
54129 128.904779435
54130 129.903508007
54131 130.905082362
54132 131.904153457
54133 132.905910722
54134 133.905394464
54135 134.907227495
54136 135.907218794
54137 136.911562125
54138 137.913954475
54139 138.918792936
54140 139.921640943
54141 140.926648049
54142 141.929709590
54143 142.935110
54144 143.938510
54145 144.944070
54146 145.947750
54147 146.953560
55112 111.950301
55113 112.944493274
55114 113.941450
55115 114.935910
55116 115.933367
55117 116.928670701
55118 117.926559494
55119 118.922377304
55120 119.920677253
55121 120.917229209
55122 121.916113434
55123 122.912996036
55124 123.912257798
55125 124.909728270
55126 125.909451977
55127 126.907417525
55128 127.907748866
55129 128.906064426
55130 129.906708552
55131 130.905463926
55132 131.906434260
55133 132.905451932
55134 133.906718475
55135 134.905977008
55136 135.907311576
55137 136.907089473
55138 137.911016704
55139 138.913363999
55140 139.917282354
55141 140.920045752
55142 141.924298927
55143 142.927351750
55144 143.932076914
55145 144.935526170
55146 145.940289423
55147 146.944155008
55148 147.949218153
55149 148.952930
55150 149.958170
55151 150.962190
56114 113.950675405
56115 114.947370
56116 115.941380
56117 116.938499
56118 117.933040
56119 118.930659661
56120 119.926044974
56121 120.924054499
56122 121.919904000
56123 122.918781036
56124 123.915093603
56125 124.914472912
56126 125.911250177
56127 126.911093797
56128 127.908317698
56129 128.908679439
56130 129.906320811
56131 130.906941118
56132 131.905061288
56133 132.906007490
56134 133.904508383
56135 134.905688591
56136 135.904575945
56137 136.905827384
56138 137.905247237
56139 138.908841341
56140 139.910604505
56141 140.914411009
56142 141.916453410
56143 142.920626719
56144 143.922952853
56145 144.927627032
56146 145.930219572
56147 146.934945
56148 147.937720047
56149 148.942580
56150 149.945680
56151 150.950810
56152 151.954270
56153 152.959610
57117 116.950068
57118 117.946730
57119 118.940990
57120 119.938070
57121 120.933010
57122 121.930710
57123 122.926240
57124 123.924574275
57125 124.920816034
57126 125.919512667
57127 126.916375448
57128 127.915585177
57129 128.912692815
57130 129.912368724
57131 130.910070000
57132 131.910101145
57133 132.908218000
57134 133.908514011
57135 134.906976844
57136 135.907635536
57137 136.906493598
57138 137.907111930
57139 138.906353267
57140 139.909477645
57141 140.910962152
57142 141.914079130
57143 142.916062720
57144 143.919599647
57145 144.921645401
57146 145.925793460
57147 146.928235284
57148 147.932228868
57149 148.934734
57150 149.938770
57151 150.941720
57152 151.946250
57153 152.949620
57154 153.954500
57155 154.958350
58119 118.952760
58120 119.946640
58121 120.943420
58122 121.937910
58123 122.935400
58124 123.930410
58125 124.928440
58126 125.923971000
58127 126.922731000
58128 127.918911000
58129 128.918102000
58130 129.914736000
58131 130.914422000
58132 131.911460487
58133 132.911515020
58134 133.908924821
58135 134.909151396
58136 135.907172422
58137 136.907805577
58138 137.905991321
58139 138.906652651
58140 139.905438706
58141 140.908276270
58142 141.909244205
58143 142.912385910
58144 143.913647336
58145 144.917233135
58146 145.918759009
58147 146.922673954
58148 147.924432410
58149 148.928399883
58150 149.930408931
58151 150.933976196
58152 151.936540
58153 152.940580
58154 153.943420
58155 154.948040
58156 155.951260
58157 156.956340
59121 120.955364
59122 121.951810
59123 122.945960
59124 123.942960
59125 124.937830
59126 125.935310
59127 126.930830
59128 127.928791000
59129 128.925095000
59130 129.923590000
59131 130.920259000
59132 131.919255000
59133 132.916330532
59134 133.915711737
59135 134.913111745
59136 135.912691611
59137 136.910705455
59138 137.910754636
59139 138.908938399
59140 139.909075874
59141 140.907652769
59142 141.910044806
59143 142.910816926
59144 143.913305245
59145 144.914511700
59146 145.917644336
59147 146.918995992
59148 147.922135026
59149 148.923717651
59150 149.926672997
59151 150.928318618
59152 151.931499225
59153 152.933838905
59154 153.937518153
59155 154.940120
59156 155.944270
59157 156.947430
59158 157.951980
59159 158.955500
60124 123.952230
60125 124.948880
60126 125.943220
60127 126.940500
60128 127.935390
60129 128.933188
60130 129.928506000
60131 130.927247000
60132 131.923321237
60133 132.922348000
60134 133.918790181
60135 134.918181160
60136 135.914976035
60137 136.914567137
60138 137.911949961
60139 138.911978288
60140 139.909552000
60141 140.909609854
60142 141.907723297
60143 142.909814290
60144 143.910087274
60145 144.912573636
60146 145.913116939
60147 146.916100441
60148 147.916893288
60149 148.920148842
60150 149.920890888
60151 150.923828929
60152 151.924682219
60153 152.927698232
60154 153.929477307
60155 154.932932
60156 155.935018114
60157 156.939030
60158 157.941600
60159 158.946090
60160 159.949090
60161 160.953880
61126 125.957520
61127 126.951630
61128 127.948420
61129 128.943160
61130 129.940450
61131 130.935870
61132 131.933750
61133 132.929782000
61134 133.928353000
61135 134.924876000
61136 135.923565829
61137 136.920479493
61138 137.919548281
61139 138.916804082
61140 139.916041789
61141 140.913555054
61142 141.912874471
61143 142.910932616
61144 143.912590843
61145 144.912749023
61146 145.914696305
61147 146.915138545
61148 147.917474618
61149 148.918334155
61150 149.920983561
61151 150.921206973
61152 151.923496795
61153 152.924116889
61154 153.926463943
61155 154.928101267
61156 155.931056736
61157 156.933039369
61158 157.936561407
61159 158.938970
61160 159.942990
61161 160.945860
61162 161.950290
61163 162.953680
62128 127.958080
62129 128.954640
62130 129.948920
62131 130.946110
62132 131.940690
62133 132.938670
62134 133.933970
62135 134.932520000
62136 135.928275527
62137 136.926971746
62138 137.923243961
62139 138.922296605
62140 139.918994687
62141 140.918476488
62142 141.915197641
62143 142.914628338
62144 143.911999478
62145 144.913410353
62146 145.913040900
62147 146.914897923
62148 147.914822674
62149 148.917184735
62150 149.917275539
62151 150.919932409
62152 151.919732425
62153 152.922097356
62154 153.922209273
62155 154.924640161
62156 155.925527887
62157 156.928358717
62158 157.929991317
62159 158.933211271
62160 159.935140
62161 160.938830
62162 161.941220
62163 162.945360
62164 163.948280
62165 164.952980
63130 129.963569
63131 130.957753
63132 131.954370
63133 132.949240
63134 133.946510
63135 134.941820
63136 135.939600
63137 136.935570
63138 137.933709000
63139 138.929792280
63140 139.928087607
63141 140.924930720
63142 141.923434945
63143 142.920297509
63144 143.918816823
63145 144.916265237
63146 145.917205817
63147 146.916746111
63148 147.918085895
63149 148.917931238
63150 149.919701819
63151 150.919850161
63152 151.921744534
63153 152.921230339
63154 153.922979237
63155 154.922893260
63156 155.924752249
63157 156.925423647
63158 157.927845302
63159 158.929088861
63160 159.931971
63161 160.933680
63162 161.937040
63163 162.939210
63164 163.942990
63165 164.945720
63166 165.949970
63167 166.953210
64134 133.955370
64135 134.952570
64136 135.947340
64137 136.945020
64138 137.940120
64139 138.938240
64140 139.933674000
64141 140.932126000
64142 141.928116000
64143 142.926749510
64144 143.922963000
64145 144.921709252
64146 145.918310608
64147 146.919094420
64148 147.918114524
64149 148.919340915
64150 149.918658876
64151 150.920348482
64152 151.919790996
64153 152.921749543
64154 153.920865598
64155 154.922622022
64156 155.922122743
64157 156.923960135
64158 157.924103912
64159 158.926388658
64160 159.927054146
64161 160.929669211
64162 161.930984751
64163 162.933990
64164 163.935860
64165 164.939380
64166 165.941600
64167 166.945570
64168 167.948360
64169 168.952870
65136 135.961380
65137 136.955980
65138 137.953160
65139 138.948290
65140 139.945805049
65141 140.941448000
65142 141.938744
65143 142.935121000
65144 143.933045000
65145 144.929274000
65146 145.927246584
65147 146.924044585
65148 147.924271701
65149 148.923245909
65150 149.923659686
65151 150.923102543
65152 151.924074438
65153 152.923434588
65154 153.924678019
65155 154.923505236
65156 155.924747213
65157 156.924024604
65158 157.925413137
65159 158.925346757
65160 159.927167606
65161 160.927569919
65162 161.929488234
65163 162.930647536
65164 163.933350838
65165 164.934880
65166 165.937991959
65167 166.940050
65168 167.943640
65169 168.946220
65170 169.950250
65171 170.953300
66138 137.962490
66139 138.959540
66140 139.954010
66141 140.951350
66142 141.946366
66143 142.943830
66144 143.939254000
66145 144.937425000
66146 145.932845369
66147 146.931091500
66148 147.927149831
66149 148.927304787
66150 149.925585184
66151 150.926184601
66152 151.924718300
66153 152.925764670
66154 153.924424457
66155 154.925753775
66156 155.924283110
66157 156.925466095
66158 157.924409487
66159 158.925739214
66160 159.925197517
66161 160.926933364
66162 161.926798447
66163 162.928731159
66164 163.929174751
66165 164.931703333
66166 165.932806741
66167 166.935655462
66168 167.937128769
66169 168.940307614
66170 169.942390
66171 170.946200
66172 171.948760
66173 172.953000
67140 139.968539
67141 140.963098
67142 141.959770
67143 142.954610
67144 143.951480
67145 144.947200
67146 145.944640
67147 146.940056000
67148 147.937718000
67149 148.933774771
67150 149.933496182
67151 150.931688142
67152 151.931713714
67153 152.930198789
67154 153.930601579
67155 154.929103491
67156 155.929839000
67157 156.928256188
67158 157.928941007
67159 158.927711959
67160 159.928729478
67161 160.927854776
67162 161.929095504
67163 162.928733903
67164 163.930233507
67165 164.930322070
67166 165.932284162
67167 166.933132633
67168 167.935515708
67169 168.936872273
67170 169.939618929
67171 170.941465150
67172 171.944820
67173 172.947290
67174 173.951150
67175 174.954050
68143 142.966340
68144 143.960380
68145 144.957390
68146 145.952000
68147 146.949490
68148 147.944550
68149 148.942306000
68150 149.937913839
68151 150.937448903
68152 151.935050389
68153 152.935063492
68154 153.932783081
68155 154.933208949
68156 155.931064698
68157 156.931916000
68158 157.929893474
68159 158.930684066
68160 159.929083292
68161 160.929995309
68162 161.928778264
68163 162.930032749
68164 163.929200229
68165 164.930726003
68166 165.930293061
68167 166.932048159
68168 167.932370224
68169 168.934590364
68170 169.935464312
68171 170.938029808
68172 171.939356113
68173 172.942400
68174 173.944230
68175 174.947770
68176 175.950080
68177 176.954050
69145 144.970073
69146 145.966425
69147 146.960961
69148 147.957840
69149 148.952720
69150 149.949960
69151 150.945483490
69152 151.944422000
69153 152.942012112
69154 153.941567808
69155 154.939199459
69156 155.938979933
69157 156.936973000
69158 157.936979525
69159 158.934975000
69160 159.935262801
69161 160.933549000
69162 161.933994682
69163 162.932651124
69164 163.933560000
69165 164.932435492
69166 165.933554131
69167 166.932851622
69168 167.934172776
69169 168.934213250
69170 169.935801397
69171 170.936429440
69172 171.938400044
69173 172.939603607
69174 173.942168605
69175 174.943836853
69176 175.946994685
69177 176.949040
69178 177.952640
69179 178.955340
70148 147.967420
70149 148.964040
70150 149.958420
70151 150.955400769
70152 151.950288919
70153 152.949480
70154 153.946393928
70155 154.945782332
70156 155.942818215
70157 156.942627848
70158 157.939865617
70159 158.940050099
70160 159.937552344
70161 160.937901678
70162 161.935768210
70163 162.936334305
70164 163.934489416
70165 164.935279000
70166 165.933882042
70167 166.934949605
70168 167.933896895
70169 168.935189802
70170 169.934761837
70171 170.936325799
70172 171.936381469
70173 172.938210787
70174 173.938862089
70175 174.941276450
70176 175.942571683
70177 176.945260822
70178 177.946646680
70179 178.950170
70180 179.952330
70181 180.956150
71150 149.973228
71151 150.967577
71152 151.964120
71153 152.958767331
71154 153.957522
71155 154.954316216
71156 155.953032523
71157 156.950098300
71158 157.949313283
71159 158.946628776
71160 159.946033000
71161 160.943572000
71162 161.943277288
71163 162.941179000
71164 163.941339000
71165 164.939406724
71166 165.939859000
71167 166.938270000
71168 167.938739111
71169 168.937651439
71170 169.938474968
71171 170.937913136
71172 171.939085669
71173 172.938930602
71174 173.940337480
71175 174.940771819
71176 175.942686310
71177 176.943758055
71178 177.945954559
71179 178.947327443
71180 179.949881160
71181 180.951970
71182 181.955040
71183 182.957570
71184 183.960910
72153 152.970690
72154 153.964860
72155 154.963390
72156 155.959364025
72157 156.958396
72158 157.954799366
72159 158.953994870
72160 159.950684379
72161 160.950274844
72162 161.947210498
72163 162.947089000
72164 163.944367284
72165 164.944567000
72166 165.942180000
72167 166.942600000
72168 167.940568000
72169 168.941259000
72170 169.939609000
72171 170.940492000
72172 171.939448301
72173 172.940513000
72174 173.940046178
72175 174.941509181
72176 175.941408631
72177 176.943220651
72178 177.943698766
72179 178.945816145
72180 179.946549953
72181 180.949101246
72182 181.950554096
72183 182.953530439
72184 183.955446515
72185 184.958820
72186 185.960890
72187 186.964590
72188 187.966850
73155 154.974592
73156 155.972303
73157 156.968192445
73158 157.966699
73159 158.963018173
73160 159.961486056
73161 160.958417
73162 161.957291859
73163 162.954330271
73164 163.953534000
73165 164.950772514
73166 165.950512000
73167 166.948093000
73168 167.948047000
73169 168.946011000
73170 169.946175000
73171 170.944476000
73172 171.944895000
73173 172.943750000
73174 173.944454000
73175 174.943737000
73176 175.944857000
73177 176.944472403
73178 177.945778221
73179 178.945929535
73180 179.947464831
73181 180.947995763
73182 181.950151849
73183 182.951372616
73184 183.954007966
73185 184.955559375
73186 185.958552023
73187 186.960530
73188 187.963700
73189 188.965830
73190 189.969230
74158 157.974562
74159 158.972918
74160 159.968478805
74161 160.967357
74162 161.963497417
74163 162.962523542
74164 163.958954382
74165 164.958279949
74166 165.955027253
74167 166.954816014
74168 167.951808394
74169 168.951778790
74170 169.949228482
74171 170.949451000
74172 171.947292000
74173 172.947689000
74174 173.946079000
74175 174.946717000
74176 175.945634000
74177 176.946643000
74178 177.945876236
74179 178.947070447
74180 179.946704459
74181 180.948197248
74182 181.948204156
74183 182.950222951
74184 183.950931188
74185 184.953419264
74186 185.954364127
74187 186.957160466
74188 187.958489105
74189 188.961912868
74190 189.963181378
74191 190.966600
74192 191.968170
75160 159.982115
75161 160.977589119
75162 161.976002
75163 162.972080535
75164 163.970323
75165 164.967088557
75166 165.965808
75167 166.962601
75168 167.961572608
75169 168.958791096
75170 169.958220071
75171 170.955716000
75172 171.955422961
75173 172.953243000
75174 173.953115000
75175 174.951381000
75176 175.951623000
75177 176.950328000
75178 177.950989000
75179 178.949987641
75180 179.950789084
75181 180.950067916
75182 181.951210080
75183 182.950819841
75184 183.952520756
75185 184.952954982
75186 185.954986084
75187 186.955753109
75188 187.958114438
75189 188.959229007
75190 189.961817977
75191 190.963125242
75192 191.965960
75193 192.967470
75194 193.970420
76162 161.984431
76163 162.982690
76164 163.978035649
76165 164.976762
76166 165.972690753
76167 166.971547969
76168 167.967803678
76169 168.967019270
76170 169.963577028
76171 170.963184819
76172 171.960023303
76173 172.959808409
76174 173.957062202
76175 174.956945835
76176 175.954806000
76177 176.954965324
76178 177.953251241
76179 178.953816017
76180 179.952378803
76181 180.953244000
76182 181.952110186
76183 182.953126102
76184 183.952489071
76185 184.954042265
76186 185.953838158
76187 186.955750458
76188 187.955838228
76189 188.958147470
76190 189.958447048
76191 190.960929718
76192 191.961480690
76193 192.964151563
76194 193.965182083
76195 194.968126661
76196 195.969639333
77164 163.992201
77165 164.987520
77166 165.985824
77167 166.981665156
77168 167.979881
77169 168.976294942
77170 169.974965
77171 170.971626042
77172 171.970456
77173 172.967501739
77174 173.966861045
77175 174.964112895
77176 175.963648688
77177 176.961301500
77178 177.961082000
77179 178.959122266
77180 179.959229446
77181 180.957625297
77182 181.958076296
77183 182.956846458
77184 183.957476000
77185 184.956698000
77186 185.957946104
77187 186.957363361
77188 187.958853121
77189 188.958718935
77190 189.960545968
77191 190.960594046
77192 191.962605012
77193 192.962926430
77194 193.965078378
77195 194.965979573
77196 195.968396542
77197 196.969653285
77198 197.972280
77199 198.973804583
78166 165.994855
78167 166.992979
78168 167.988150742
78169 168.986715
78170 169.982495289
78171 170.981244542
78172 171.977347128
78173 172.976444754
78174 173.972818767
78175 174.972420552
78176 175.968944622
78177 176.968469481
78178 177.965648724
78179 178.965363404
78180 179.963031477
78181 180.963097285
78182 181.961170656
78183 182.961596703
78184 183.959922251
78185 184.960619000
78186 185.959350813
78187 186.960587000
78188 187.959395391
78189 188.960833686
78190 189.959931655
78191 190.961676661
78192 191.961038005
78193 192.962987401
78194 193.962680253
78195 194.964791134
78196 195.964951521
78197 196.967340182
78198 197.967892790
78199 198.970593094
78200 199.971440677
78201 200.974512868
78202 201.975740
79169 168.998080
79170 169.996122
79171 170.991878881
79172 171.990035
79173 172.986237380
79174 173.984761
79175 174.981274107
79176 175.980099
79177 176.976864908
79178 177.976031920
79179 178.973212812
79180 179.972521124
79181 180.970079048
79182 181.969617874
79183 182.967593034
79184 183.967451524
79185 184.965789411
79186 185.965952703
79187 186.964567541
79188 187.965323661
79189 188.963948286
79190 189.964700339
79191 190.963704225
79192 191.964812953
79193 192.964149715
79194 193.965365250
79195 194.965034640
79196 195.966569813
79197 196.966568662
79198 197.968242303
79199 198.968765193
79200 199.970725647
79201 200.971657240
79202 201.973805838
79203 202.975154542
79204 203.977724
79205 204.979870
80171 171.003760
80172 171.998832686
80173 172.997242
80174 173.992863695
80175 174.991423270
80176 175.987354580
80177 176.986279158
80178 177.982483143
80179 178.981833861
80180 179.978266394
80181 180.977819311
80182 181.974689964
80183 182.974449841
80184 183.971713051
80185 184.971899086
80186 185.969361790
80187 186.969814236
80188 187.967577049
80189 188.968190034
80190 189.966322449
80191 190.967157105
80192 191.965634327
80193 192.966665421
80194 193.965439409
80195 194.966720113
80196 195.965832649
80197 196.967212908
80198 197.966769032
80199 198.968279932
80200 199.968326004
80201 200.970302268
80202 201.970643011
80203 202.972872484
80204 203.973493933
80205 204.976073386
80206 205.977514066
80207 206.982588545
80208 207.985940
80209 208.991040
80210 209.994510
81176 176.000590
81177 176.996427286
81178 177.994897
81179 178.991089082
81180 179.989906
81181 180.986257447
81182 181.985667104
81183 182.982192802
81184 183.981873122
81185 184.978791305
81186 185.978325000
81187 186.975905897
81188 187.976009782
81189 188.973588428
81190 189.973877149
81191 190.971786154
81192 191.972225000
81193 192.970672000
81194 193.971200000
81195 194.969774335
81196 195.970481151
81197 196.969574511
81198 197.970483495
81199 198.969877000
81200 199.970962672
81201 200.970818891
81202 201.972105808
81203 202.972344220
81204 203.973863522
81205 204.974427541
81206 205.976110320
81207 206.977419429
81208 207.982018700
81209 208.985358952
81210 209.990073689
81211 210.993477
81212 211.998228
82178 178.003830191
82179 179.002150
82180 179.997918173
82181 180.996623958
82182 181.992671842
82183 182.991874629
82184 183.988142339
82185 184.987609944
82186 185.984238945
82187 186.983918370
82188 187.980874338
82189 188.980807000
82190 189.978081517
82191 190.978265000
82192 191.975785171
82193 192.976173234
82194 193.974012070
82195 194.974542050
82196 195.972774109
82197 196.973431124
82198 197.972033959
82199 198.972916650
82200 199.971826675
82201 200.972884511
82202 201.972159133
82203 202.973390521
82204 203.973043589
82205 204.974481755
82206 205.974465278
82207 206.975896887
82208 207.976652071
82209 208.981090120
82210 209.984188527
82211 210.988736964
82212 211.991897543
82213 212.996581499
82214 213.999805408
82215 215.004807
83184 184.001124
83185 184.997625
83186 185.996597625
83187 186.993157835
83188 187.992265154
83189 188.989199012
83190 189.988295129
83191 190.985786119
83192 191.985457954
83193 192.982959771
83194 193.982833960
83195 194.980650737
83196 195.980666509
83197 196.978864454
83198 197.979206000
83199 198.977671961
83200 199.978131829
83201 200.977009036
83202 201.977742324
83203 202.976876001
83204 203.977812736
83205 204.977389366
83206 205.978499130
83207 206.978470679
83208 207.979742196
83209 208.980398734
83210 209.984120371
83211 210.987269460
83212 211.991285724
83213 212.994384666
83214 213.998711539
83215 215.001769776
83216 216.006305943
83217 217.009470
83218 218.014316
84188 187.999422048
84189 188.998480562
84190 189.995101185
84191 190.994574485
84192 191.991335149
84193 192.991025275
84194 193.988185606
84195 194.988110728
84196 195.985534580
84197 196.985659630
84198 197.983388616
84199 198.983666063
84200 199.981798604
84201 200.982259764
84202 201.980757541
84203 202.981420103
84204 203.980318121
84205 204.981203322
84206 205.980481099
84207 206.981593173
84208 207.981245702
84209 208.982430435
84210 209.982873673
84211 210.986653154
84212 211.988867969
84213 212.992857280
84214 213.995201350
84215 214.999419988
84216 216.001915035
84217 217.006334796
84218 218.008973037
84219 219.013744
84220 220.016602
85193 192.999843112
85194 193.998725085
85195 194.996268098
85196 195.995788077
85197 196.993189215
85198 197.992837202
85199 198.990532254
85200 199.990351264
85201 200.988416999
85202 201.988630236
85203 202.986941984
85204 203.987251326
85205 204.986074483
85206 205.986667036
85207 206.985783502
85208 207.986589977
85209 208.986173143
85210 209.987147710
85211 210.987496271
85212 211.990744771
85213 212.992936646
85214 213.996371733
85215 214.998652570
85216 216.002423257
85217 217.004718822
85218 218.008694336
85219 219.011161691
85220 220.015407682
85221 221.018050
85222 222.022330
85223 223.025190
86195 195.005437696
86196 196.002115223
86197 197.001584351
86198 197.998678663
86199 198.998370297
86200 199.995699300
86201 200.995628335
86202 201.993263492
86203 202.993386687
86204 203.991428740
86205 204.991718799
86206 205.990214104
86207 206.990734225
86208 207.989642470
86209 208.990414742
86210 209.989696216
86211 210.990600523
86212 211.990703529
86213 212.993882668
86214 213.995362554
86215 214.998745483
86216 216.000274370
86217 217.003927675
86218 218.005601256
86219 219.009480204
86220 220.011393981
86221 221.015536782
86222 222.017577738
86223 223.021790
86224 224.024090
86225 225.028440
86226 226.030890
86227 227.035407
86228 228.037986
87199 199.007258147
87200 200.006572490
87201 201.003860867
87202 202.003372847
87203 203.000924647
87204 204.000653204
87205 204.998593960
87206 205.998666066
87207 206.996949414
87208 207.997138783
87209 208.995953555
87210 209.996407738
87211 210.995536544
87212 211.996202244
87213 212.996189081
87214 213.998971145
87215 215.000341497
87216 216.003197990
87217 217.004631951
87218 218.007578322
87219 219.009252149
87220 220.012327405
87221 221.014254762
87222 222.017551730
87223 223.019735857
87224 224.023249951
87225 225.025565414
87226 226.029386231
87227 227.031835938
87228 228.035729
87229 229.038450228
87230 230.042510
87231 231.045440
87232 232.049772
88202 202.009890686
88203 203.009271619
88204 204.006499668
88205 205.006268570
88206 206.003827270
88207 207.003798105
88208 208.001839940
88209 209.001991373
88210 210.000494978
88211 211.000897987
88212 211.999794499
88213 213.000383959
88214 214.000107894
88215 215.002719834
88216 216.003533035
88217 217.006320327
88218 218.007140230
88219 219.010085078
88220 220.011028384
88221 221.013917338
88222 222.015374530
88223 223.018502171
88224 224.020211821
88225 225.023611564
88226 226.025409823
88227 227.029177842
88228 228.031070292
88229 229.034957577
88230 230.037056394
88231 231.041220
88232 232.043638
88233 233.048060
88234 234.050704
89206 206.014504980
89207 207.011949748
89208 208.011551551
89209 209.009494863
89210 210.009435986
89211 211.007734835
89212 212.007813822
89213 213.006607643
89214 214.006901798
89215 215.006453625
89216 216.008720075
89217 217.009346914
89218 218.011641453
89219 219.012420389
89220 220.014762979
89221 221.015591248
89222 222.017843851
89223 223.019137468
89224 224.021722866
89225 225.023229585
89226 226.026098089
89227 227.027752127
89228 228.031021112
89229 229.033015243
89230 230.036294178
89231 231.038558786
89232 232.042027438
89233 233.044550
89234 234.048420
89235 235.051232
89236 236.055296
90209 209.017715682
90210 210.015075342
90211 211.014928413
90212 212.012980288
90213 213.013010140
90214 214.011499770
90215 215.011730330
90216 216.011062115
90217 217.013114328
90218 218.013284499
90219 219.015536895
90220 220.015747762
90221 221.018183674
90222 222.018468121
90223 223.020811448
90224 224.021466895
90225 225.023951021
90226 226.024903069
90227 227.027704070
90228 228.028741127
90229 229.031762430
90230 230.033133843
90231 231.036304343
90232 232.038055325
90233 233.041581843
90234 234.043601230
90235 235.047510074
90236 236.049870
90237 237.053894
90238 238.056496
91212 212.023204138
91213 213.021109340
91214 214.020918417
91215 215.019185865
91216 216.019109564
91217 217.018323986
91218 218.020041889
91219 219.019883143
91220 220.021875303
91221 221.021877983
91222 222.023742
91223 223.023962273
91224 224.025625738
91225 225.026130678
91226 226.027947753
91227 227.028805072
91228 228.031051376
91229 229.032096793
91230 230.034540754
91231 231.035883990
91232 232.038591592
91233 233.040247277
91234 234.043308058
91235 235.045443615
91236 236.048681284
91237 237.051145659
91238 238.054502710
91239 239.057260
91240 240.060980
92217 217.024368791
92218 218.023535671
92219 219.024919160
92220 220.024723
92221 221.026399
92222 222.026086
92223 223.027738600
92224 224.027604778
92225 225.029390717
92226 226.029338702
92227 227.031156367
92228 228.031374006
92229 229.033505939
92230 230.033939784
92231 231.036293704
92232 232.037156152
92233 233.039635207
92234 234.040952088
92235 235.043929918
92236 236.045568006
92237 237.048730184
92238 238.050788247
92239 239.054293299
92240 240.056591988
92241 241.060330
92242 242.062931
93225 225.033913933
93226 226.035145
93227 227.034956789
93228 228.036180
93229 229.036263808
93230 230.037827597
93231 231.038245085
93232 232.040108
93233 233.040740546
93234 234.042895038
93235 235.044063267
93236 236.046569600
93237 237.048173444
93238 238.050946405
93239 239.052939025
93240 240.056162182
93241 241.058252431
93242 242.061641180
93243 243.064279
93244 244.067850
94228 228.038742328
94229 229.040150212
94230 230.039649886
94231 231.041101107
94232 232.041187097
94233 233.042997375
94234 234.043317076
94235 235.045286050
94236 236.046057964
94237 237.048409658
94238 238.049559894
94239 239.052163381
94240 240.053813545
94241 241.056851456
94242 242.058742611
94243 243.062003092
94244 244.064203907
94245 245.067747154
94246 246.070204627
94247 247.074070
95231 231.045560
95232 232.046590
95233 233.046348
95234 234.047809
95235 235.047946
95236 236.049579
95237 237.049996
95238 238.051984324
95239 239.053024479
95240 240.055300179
95241 241.056829144
95242 242.059549159
95243 243.061381080
95244 244.064284847
95245 245.066452114
95246 246.069774619
95247 247.072093
95248 248.075752
95249 249.078480
96233 233.050771232
96234 234.050159841
96235 235.051434
96236 236.051413
96237 237.052901
96238 238.053028697
96239 239.054957
96240 240.055529539
96241 241.057653001
96242 242.058835824
96243 243.061389114
96244 244.062752578
96245 245.065491249
96246 246.067223662
96247 247.070353540
96248 248.072348508
96249 249.075953413
96250 250.078356959
96251 251.082284605
96252 252.084870
97235 235.056580
97236 236.057330
97237 237.057003
97238 238.058281
97239 239.058279
97240 240.059759
97241 241.060230
97242 242.061981
97243 243.063007572
97244 244.065180774
97245 245.066361616
97246 246.068672947
97247 247.070307080
97248 248.073086
97249 249.074986657
97250 250.078316520
97251 251.080760172
97252 252.084310
97253 253.086880
97254 254.090600
98237 237.062070
98238 238.061410
98239 239.062422
98240 240.062302
98241 241.063726
98242 242.063701552
98243 243.065427
98244 244.066000689
98245 245.068048612
98246 246.068805309
98247 247.071000589
98248 248.072184861
98249 249.074853537
98250 250.076406066
98251 251.079586788
98252 252.081625846
98253 253.085133145
98254 254.087322909
98255 255.091046
98256 256.093440
99240 240.068920
99241 241.068538
99242 242.069745
99243 243.069548
99244 244.070883
99245 245.071324
99246 246.072896
99247 247.073656
99248 248.075471
99249 249.076411
99250 250.078612
99251 251.079992142
99252 252.082978512
99253 253.084824697
99254 254.088022021
99255 255.090273122
99256 256.093598
99257 257.095979
99258 258.099520
100242 242.073430
100243 243.074353
100244 244.074084
100245 245.075385
100246 246.075299023
100247 247.076847
100248 248.077194714
100249 249.079034
100250 250.079521264
100251 251.081575017
100252 252.082466855
100253 253.085185236
100254 254.086854220
100255 255.089962202
100256 256.091773117
100257 257.095104724
100258 258.097076
100259 259.100595
100260 260.102678
101245 245.080829
101246 246.081886
101247 247.081635
101248 248.082823
101249 249.083013
101250 250.084420
101251 251.084839
101252 252.086560
101253 253.087280
101254 254.089656
101255 255.091082705
101256 256.094059025
101257 257.095541368
101258 258.098431319
101259 259.100509
101260 260.103652
101261 261.105721
101262 262.108865
102248 248.086596
102249 249.087833
102250 250.087510
102251 251.089012
102252 252.088976521
102253 253.090678
102254 254.090955253
102255 255.093241131
102256 256.094282666
102257 257.096877190
102258 258.098207
102259 259.101031
102260 260.102643
102261 261.105749
102262 262.107301
102263 263.110552
102264 264.112345
103251 251.094360
103252 252.095371
103253 253.095210
103254 254.096454
103255 255.096681
103256 256.098629
103257 257.099555
103258 258.101814
103259 259.102901
103260 260.105504
103261 261.106883
103262 262.109634
103263 263.111293
103264 264.114038
103265 265.115839
103266 266.119305
104253 253.100689
104254 254.100184
104255 255.101340
104256 256.101166194
104257 257.102990
104258 258.103489
104259 259.105637
104260 260.106440
104261 261.108766556
104262 262.109925
104263 263.112547
104264 264.113985
104265 265.116704
104266 266.117956
104267 267.121529
104268 268.123644
105255 255.107398
105256 256.108127
105257 257.107722
105258 258.109231
105259 259.109610
105260 260.111300
105261 261.112056
105262 262.114084
105263 263.114988
105264 264.117404
105265 265.118601
105266 266.121029
105267 267.122377
105268 268.125445
105269 269.127460
105270 270.130712
106258 258.113168
106259 259.114500
106260 260.114422071
106261 261.116117
106262 262.116398
106263 263.118322
106264 264.118931
106265 265.121114693
106266 266.122065
106267 267.124425
106268 268.125606
106269 269.128755
106270 270.130329
106271 271.133472
106272 272.135158
106273 273.138220
107260 260.121970
107261 261.121664
107262 262.122892
107263 263.123035
107264 264.124604
107265 265.125147
107266 266.126942
107267 267.127650
107268 268.129755
107269 269.130694
107270 270.133616
107271 271.135179
107272 272.138032
107273 273.139618
107274 274.142440
107275 275.144250
108263 263.128558
108264 264.128394885
108265 265.130085
108266 266.130097
108267 267.131789
108268 268.132162
108269 269.134056
108270 270.134650
108271 271.137657
108272 272.139052
108273 273.141986
108274 274.143131
108275 275.145952
108276 276.147208
108277 277.149841
109265 265.136151
109266 266.137299
109267 267.137307
109268 268.138728
109269 269.139055
109270 270.140657
109271 271.141139
109272 272.143738
109273 273.144913
109274 274.147492
109275 275.148647
109276 276.151156
109277 277.152420
109278 278.154812
109279 279.156193
110267 267.144341
110268 268.143795
110269 269.145124
110270 270.144720
110271 271.146062
110272 272.146317
110273 273.148863
110274 274.149492
110275 275.152176
110276 276.153034
110277 277.155647
110278 278.156469
110279 279.158861
110280 280.159795
110281 281.162061
111272 272.153615
111273 273.153682
111274 274.155713
111275 275.156142
111276 276.158493
111277 277.159519
111278 278.161604
111279 279.162468
111280 280.164473
111281 281.165372
111282 282.167486
111283 283.168415
112277 277.163943
112278 278.164312
112279 279.166546
112280 280.167039
112281 281.169286
112282 282.169765
112283 283.171792
112284 284.172384
112285 285.174105
113283 283.176451
113284 284.178080
113285 285.178732
113286 286.180481
113287 287.181045
114285 285.183698
114286 286.183855
114287 287.185599
114288 288.185689
114289 289.187279
115287 287.191186
115288 288.192492
115289 289.192715
115290 290.194141
115291 291.194384
116289 289.198862
116290 290.198590
116291 291.200011
116292 292.199786
117291 291.206564
117292 292.207549
118293 293.214670